,Unnamed: 0,lat,lon,168,169,170,757,758,756,105,107,106,964,963,965,901,902,900,377,376,375,132,134,133,320,318,319,472,473,298,299,297,559,558,560,250,249,251,774,776,775,631,632,630,531,533,532,SINR [dB],SINR-CoMP [dB],SINR-CoMP with phaseshift [dB],TP1,TP2,qos,id,SINR cluster [dB]
5,5,51.34234348570698,12.378022804147212,-137,-137,-107,-137,-146,-120,-119,-128,-143,-143,-113,-143,-101,-131,-131,-100,-128,-121,-79,-103,-88,-79,-91,-104,-151,-133,-149,-133,-126,-148,-146,-119,-137,-143,-115,-128,-129,-100,-115,-145,-145,-149,-151,-122,-0.8794660737903577,12.509100953918654,11.568594284016294,320,132,0.0,5,2.2295106166104683
26,27,51.34197869233272,12.378054521364222,-137,-137,-107,-136,-146,-120,-120,-127,-143,-144,-114,-144,-102,-132,-132,-101,-128,-117,-89,-105,-82,-71,-89,-98,-150,-133,-149,-132,-126,-148,-147,-119,-138,-142,-114,-128,-128,-99,-115,-145,-145,-148,-151,-123,9.285440028329557,16.307533751010524,15.714920148410025,320,133,0.0,27,16.308303202374447
143,144,51.34156365798378,12.377613985571903,-136,-136,-106,-135,-146,-120,-121,-127,-143,-144,-114,-144,-104,-134,-134,-102,-127,-113,-98,-111,-86,-50,-69,-77,-150,-132,-148,-133,-125,-147,-147,-118,-139,-142,-114,-128,-128,-98,-115,-145,-145,-147,-151,-123,18.27189362126554,27.31042877538727,27.194845042537498,320,318,0.0,144,18.482395810098257
246,249,51.341424877370365,12.378809762253749,-138,-138,-108,-136,-147,-122,-121,-124,-142,-145,-115,-145,-104,-134,-134,-106,-130,-116,-107,-107,-78,-73,-101,-96,-150,-133,-148,-131,-125,-146,-146,-117,-136,-141,-113,-125,-125,-96,-113,-143,-143,-146,-151,-122,4.795580172548857,22.045520526812197,21.735833620662184,320,133,0.0,249,22.04928982582178
295,299,51.341551192804175,12.377723481171865,-136,-136,-107,-135,-146,-121,-121,-126,-143,-144,-114,-144,-104,-134,-134,-103,-127,-113,-99,-111,-85,-51,-79,-80,-150,-132,-148,-132,-125,-147,-147,-118,-139,-142,-114,-128,-128,-98,-115,-145,-145,-147,-151,-123,24.814537428531175,27.995552290138296,27.99453809917696,320,318,0.0,299,25.544522670740648
339,344,51.34156296010148,12.377557877342431,-136,-136,-106,-135,-146,-120,-121,-127,-143,-144,-114,-144,-104,-134,-134,-102,-127,-112,-98,-111,-87,-50,-64,-76,-150,-132,-148,-133,-125,-147,-147,-118,-139,-142,-114,-128,-128,-99,-115,-145,-145,-147,-151,-123,13.708921366747484,27.171582671933603,27.159677981882528,320,318,0.0,344,13.85116311628533
408,413,51.341541493260614,12.378839700684125,-138,-138,-108,-136,-147,-121,-120,-124,-142,-144,-114,-144,-104,-134,-134,-105,-130,-117,-105,-105,-76,-72,-102,-102,-150,-133,-148,-131,-125,-147,-146,-118,-136,-141,-113,-125,-125,-96,-114,-144,-144,-146,-151,-122,3.899428070039569,24.551544320180422,23.018550331244327,320,133,0.0,413,24.556437439277556
415,420,51.34226395375194,12.37849550682622,-138,-138,-108,-138,-147,-120,-119,-127,-142,-143,-113,-143,-102,-132,-132,-101,-129,-121,-78,-98,-78,-78,-98,-105,-151,-133,-149,-132,-126,-147,-146,-119,-136,-142,-115,-126,-128,-99,-114,-144,-144,-149,-151,-122,-3.1039732418935846,5.835231202966128,5.294084414222162,320,132,0.0,420,2.8354052007656243
431,436,51.34219027137318,12.377948463169579,-137,-137,-107,-137,-146,-120,-119,-127,-143,-143,-113,-143,-102,-132,-132,-100,-127,-119,-83,-104,-86,-76,-88,-101,-150,-133,-149,-133,-126,-148,-147,-119,-138,-143,-115,-129,-129,-100,-115,-145,-145,-149,-151,-123,4.191511504738757,10.620930942851658,10.3996193779497,320,132,0.0,436,7.900922986793921
446,451,51.34189567651375,12.377445692798984,-136,-136,-106,-136,-146,-120,-120,-128,-143,-144,-114,-144,-103,-133,-133,-100,-126,-115,-92,-110,-89,-71,-73,-92,-150,-132,-149,-133,-125,-148,-148,-119,-139,-143,-114,-129,-129,-100,-115,-145,-145,-148,-152,-123,1.7585548636217256,19.506414469693006,18.628108592798046,320,318,0.0,451,2.8929762231997813
529,535,51.34128083852726,12.378690437728643,-138,-138,-108,-135,-147,-122,-121,-124,-142,-145,-115,-145,-105,-135,-135,-106,-130,-115,-109,-109,-80,-74,-100,-88,-149,-133,-148,-131,-125,-146,-146,-117,-137,-141,-113,-125,-125,-95,-114,-143,-143,-146,-151,-123,5.150769031813231,16.184749649405045,15.017546193641172,320,133,0.0,535,16.185821357992683
786,795,51.341738863824546,12.38339654208418,-144,-144,-114,-141,-151,-124,-117,-116,-136,-145,-116,-145,-109,-137,-131,-112,-138,-128,-120,-98,-102,-98,-126,-123,-151,-138,-148,-128,-128,-144,-137,-116,-126,-138,-113,-98,-118,-98,-109,-139,-139,-144,-147,-118,-6.0255879947409525,1.2427378631120514,0.3618991485039407,320,775,0.0,795,-1.3098754412953018
813,822,51.34171757859732,12.383400094921932,-144,-144,-114,-141,-151,-124,-117,-116,-136,-145,-116,-145,-109,-137,-131,-112,-138,-128,-120,-98,-102,-98,-126,-123,-151,-138,-148,-128,-128,-144,-137,-116,-126,-138,-113,-98,-118,-98,-109,-139,-139,-144,-147,-118,-6.0255879947409525,1.2427378631120514,0.3688544566607112,320,775,0.0,822,-1.3098754412953018
828,837,51.34149309170391,12.377661541415813,-136,-136,-107,-135,-146,-121,-121,-126,-143,-144,-114,-144,-104,-134,-134,-103,-127,-112,-100,-111,-86,-45,-75,-75,-150,-132,-148,-132,-125,-147,-147,-118,-139,-142,-114,-128,-128,-98,-115,-145,-145,-147,-151,-123,26.79167626703059,29.883007732010828,29.695836208453073,320,319,0.0,837,27.036790152621673
874,884,51.341720054571255,12.377832183671618,-137,-137,-107,-135,-146,-120,-120,-127,-143,-144,-114,-144,-103,-133,-133,-102,-127,-115,-95,-109,-84,-61,-82,-89,-150,-132,-148,-132,-125,-147,-147,-118,-138,-142,-114,-128,-128,-99,-115,-145,-145,-147,-151,-123,18.13746468774079,22.042289752924162,22.03175119857113,320,318,0.0,884,20.447835368222886
15,15,51.340871289557064,12.379990340414937,-138,-139,-110,-136,-148,-123,-122,-121,-141,-146,-116,-146,-107,-136,-136,-110,-133,-117,-113,-113,-83,-90,-112,-95,-149,-134,-147,-129,-125,-145,-144,-116,-134,-139,-111,-120,-120,-90,-112,-142,-142,-144,-150,-122,3.1280875933030265,8.627211654405665,7.74819109216746,133,320,0.0,15,8.629202345597754
38,39,51.34195016913221,12.380671050425756,-141,-141,-111,-139,-149,-122,-118,-122,-140,-144,-114,-144,-105,-134,-134,-107,-134,-124,-102,-90,-77,-87,-116,-116,-151,-135,-148,-130,-127,-146,-142,-117,-132,-140,-114,-114,-123,-96,-112,-142,-142,-146,-149,-121,7.6353154266864305,13.790873853880914,13.737088629156775,133,320,0.0,39,13.793311280995201
95,96,51.34090164095191,12.380269800661026,-138,-140,-111,-136,-149,-123,-121,-121,-141,-146,-116,-146,-107,-136,-136,-110,-133,-118,-113,-113,-83,-91,-114,-98,-149,-134,-147,-129,-125,-145,-144,-116,-133,-139,-111,-119,-119,-90,-112,-142,-142,-144,-150,-122,3.8374287286126476,9.90808703164132,9.907667753018746,133,775,0.0,96,8.851001488663911
118,119,51.34129197863186,12.380671828987904,-140,-140,-111,-137,-149,-123,-120,-121,-140,-145,-115,-145,-106,-135,-135,-109,-134,-120,-110,-107,-81,-89,-116,-107,-150,-135,-147,-129,-126,-145,-143,-116,-132,-139,-112,-115,-120,-91,-111,-141,-141,-144,-149,-121,5.5364911571793485,12.083286601312787,11.51605229849649,133,320,0.0,119,12.086968023254181
124,125,51.34150122018347,12.380384410193177,-140,-140,-111,-138,-149,-123,-119,-122,-140,-145,-115,-145,-105,-135,-135,-108,-133,-121,-106,-104,-77,-86,-114,-110,-150,-134,-148,-130,-126,-145,-143,-117,-132,-140,-113,-117,-121,-93,-112,-142,-142,-145,-149,-121,7.933438675101942,17.19138541295247,16.753663170831825,133,320,0.0,125,17.196446180614792
126,127,51.34249194840193,12.379619996613885,-140,-140,-110,-139,-148,-121,-117,-125,-141,-143,-113,-143,-102,-131,-131,-104,-131,-126,-60,-55,-31,-84,-113,-113,-151,-135,-149,-132,-127,-147,-143,-119,-134,-142,-115,-120,-127,-99,-113,-143,-143,-149,-150,-121,22.80221545388571,29.512855466575818,29.464713621499076,133,134,0.0,127,22.82579143446091
152,153,51.34212660521781,12.378798447932102,-138,-138,-108,-138,-147,-121,-119,-126,-142,-143,-113,-143,-102,-132,-132,-103,-129,-121,-84,-96,-70,-77,-105,-106,-150,-134,-149,-132,-126,-147,-145,-118,-136,-142,-114,-125,-127,-98,-114,-144,-144,-148,-151,-122,6.092677134569025,16.546138910937145,15.583378666774154,133,320,0.0,153,16.546759736723615
178,180,51.34038009420965,12.379969096778964,-135,-139,-111,-135,-148,-124,-123,-121,-142,-146,-116,-146,-108,-137,-137,-112,-133,-115,-117,-117,-87,-98,-114,-92,-149,-133,-146,-129,-124,-145,-145,-115,-134,-138,-110,-118,-118,-88,-112,-142,-142,-142,-150,-122,-0.950996475559004,8.998305498526083,8.917553873377125,133,775,0.0,180,1.4932975240009991
193,195,51.34168652998779,12.381349520310893,-141,-141,-112,-139,-149,-123,-118,-120,-139,-144,-115,-144,-106,-135,-134,-109,-135,-124,-109,-96,-85,-90,-119,-117,-150,-135,-148,-129,-127,-145,-141,-117,-130,-139,-113,-110,-120,-94,-111,-141,-141,-145,-149,-120,2.4879470385495432,9.936672299768404,9.005301730642493,133,320,0.0,195,9.942309023154504
270,273,51.3413022632346,12.381146816174898,-141,-141,-112,-138,-149,-123,-120,-120,-140,-145,-115,-145,-107,-136,-136,-110,-135,-122,-112,-104,-84,-91,-118,-110,-150,-135,-147,-129,-126,-145,-142,-116,-131,-139,-112,-111,-118,-91,-111,-141,-141,-144,-149,-121,3.5535636210716093,9.375027479154703,5.607312898454007,133,320,0.0,273,9.378686147474241
281,285,51.342057992055466,12.379604123204587,-139,-139,-110,-138,-148,-121,-118,-124,-141,-144,-114,-144,-103,-133,-133,-105,-131,-122,-91,-91,-61,-81,-111,-111,-150,-134,-149,-131,-127,-147,-144,-118,-134,-141,-114,-121,-125,-97,-113,-143,-143,-147,-150,-121,19.04391044816232,26.91389981676104,26.91346541442451,133,320,0.0,285,26.915719653559854
303,307,51.340844797164706,12.379438157173755,-137,-139,-110,-135,-148,-123,-122,-122,-142,-145,-116,-145,-106,-136,-136,-109,-132,-115,-113,-113,-83,-89,-109,-89,-149,-133,-147,-130,-125,-145,-145,-116,-135,-140,-111,-122,-122,-92,-113,-142,-142,-144,-150,-122,1.8353548774005937,7.463291935502956,7.459540716430245,133,320,0.0,307,7.464714773117209
365,370,51.34195684285861,12.379563452069902,-139,-139,-110,-138,-148,-121,-119,-124,-141,-144,-114,-144,-103,-133,-133,-105,-131,-122,-95,-95,-65,-80,-110,-110,-150,-134,-148,-131,-126,-147,-144,-118,-134,-141,-114,-121,-125,-97,-113,-143,-143,-147,-150,-122,14.584654155070293,26.406053567932428,25.477851771050247,133,320,0.0,370,26.408893851743713
409,414,51.34103836280625,12.379269340466852,-138,-138,-109,-135,-148,-122,-122,-123,-142,-145,-115,-145,-106,-135,-135,-108,-131,-115,-111,-111,-81,-84,-107,-90,-149,-133,-147,-130,-125,-146,-146,-117,-135,-140,-112,-123,-123,-93,-113,-143,-143,-145,-150,-122,1.4908648533579805,11.463647295697308,10.87683701115099,133,320,0.0,414,11.465387400868439
477,483,51.34079085551243,12.379428867842146,-137,-139,-110,-135,-148,-123,-122,-122,-142,-146,-116,-146,-106,-136,-136,-110,-132,-115,-113,-113,-83,-90,-109,-89,-149,-133,-147,-130,-125,-145,-145,-116,-135,-139,-111,-122,-122,-92,-113,-142,-142,-144,-150,-122,2.195689398769114,8.063649257234069,7.824355817591328,133,319,0.0,483,7.14904285089477
